-43.368553, -8.906532 
-29.649988, -30.285294 
-19.064880, -23.345093 
8.717208, -9.951044 
-29.547009, -22.459854 
-29.392759, -23.574619 
8.744966, -28.981213 
5.147752, -28.153446 
5.051541, -30.571062 
-38.164471, -12.540587 
-26.444901, -29.696388 
-39.167397, -22.609482 
-38.774677, -21.955816 
-43.378212, -23.355963 
-32.608261, -28.774540 
8.720427, -9.810399 
-41.105434, -29.386824 
-38.191349, -11.317583 
-30.011080, -28.897774 
-38.594887, -29.815668 
-40.393528, -23.635139 
5.067206, -28.589031 
8.280531, -11.276970 
-36.661049, -24.484797 
-40.313084, -8.956659 
8.256903, -10.473894 
-29.622480, -9.781096 
-26.445114, -24.655754 
-38.788181, -10.691722 
-41.204514, -23.043137 
-38.210690, -22.088879 
-40.468109, -22.763245 
5.282415, -10.803502 
8.413844, -9.717888 
8.890007, -23.563183 
-43.192627, -30.303608 
-41.119900, -28.260592 
-29.339025, -11.044928 
-38.271950, -30.074194 
-43.599262, -30.663769 
-30.251890, -28.860064 
8.870215, -9.968569 
-38.654808, -8.871672 
-19.039486, -23.056757 
-43.352703, -28.849417 
-32.598221, -23.163095 
-30.024374, -30.018799 
8.733471, -22.652475 
-38.167877, -22.768013 
-40.745781, -10.752336 
-39.144798, -28.548426 
8.491973, -23.003380 
5.128538, -11.190584 
-40.694622, -21.862089 
8.612966, -22.300261 
8.747257, -29.582001 
1.572747, -30.389009 
8.793003, -23.579426 
-11.189347, -22.368540 
-30.132483, -22.123795 
-43.197262, -23.286846 
-32.572392, -22.999022 
-30.446886, -11.371402 
-38.764420, -30.027403 
-39.174721, -29.068110 
-40.775902, -10.681159 
8.600071, -8.805765 
-38.621784, -24.682236 
-29.680170, -29.821955 
8.343771, -10.392741 
-7.820228, -29.134954 
-40.404613, -22.057196 
-43.316120, -8.990790 
-19.062231, -29.412783 
-43.133873, -21.863981 
-19.006981, -22.182722 
4.993888, -30.377785 
5.182573, -28.137346 
-29.614002, -11.266601 
-19.023556, -23.667435 
-41.291801, -28.831915 
-41.146469, -30.646008 
4.780821, -30.892973 
-29.917051, -30.127333 
-30.159029, -11.316134 
-40.504913, -28.323639 
-38.284779, -8.936314 
7.369839, -21.913786 
-32.339882, -12.543136 
-19.049006, -30.094904 
-30.307520, -12.571511 
-40.202995, -28.524656 
8.807666, -29.716713 
-43.614815, -22.866264 
-38.221565, -23.554253 
7.334085, -23.096878 
-38.179356, -10.628615 
8.248391, -28.143837 
-29.642994, -30.297386 
-32.743256, -30.806011 
-18.944878, -10.809351 
-32.477615, -29.920650 
-38.055447, -23.044014 
-11.177986, -8.858415 
5.289666, -11.069632 
-36.726120, -11.198008 
-38.910404, -30.430832 
-32.569916, -10.938437 
1.510757, -30.137243 
-26.455936, -30.128641 
-30.295647, -23.166328 
7.507546, -30.223015 
-32.726810, -21.740185 
8.483447, -11.358350 
5.253798, -10.427639 
-39.085884, -29.944380 
-39.195797, -8.940348 
-38.264946, -28.657892 
8.709255, -8.889406 
-36.734455, -11.255390 
-32.306438, -11.231095 
-32.710434, -23.583389 
4.944401, -30.484467 
7.464062, -28.655817 
-38.735428, -28.138048 
-30.344536, -23.351704 
8.390726, -10.000158 
-30.056681, -28.331833 
-38.193115, -9.834404 
8.415273, -28.859196 
8.301595, -10.580442 
-29.533150, -21.897709 
8.452420, -21.855125 
-38.430805, -24.462629 
-16.751423, -10.657617 
-43.358791, -23.342695 
-40.859505, -21.897810 
-38.810947, -29.473907 
8.874453, -24.643997 
-29.430456, -22.249762 
-29.856556, -11.195333 
-43.280800, -23.017193 
-26.388941, -29.291716 
-0.261585, -29.049381 
8.842361, -29.341850 
-32.813869, -23.417433 
-38.731979, -24.576931 
4.966305, -23.134233 
-30.194487, -11.156457 
-40.974480, -12.541800 
-39.287601, -10.919564 
8.662140, -22.276365 
-29.723646, 18.656063 
-29.538414, 5.845587 
36.829662, 6.336075 
4.774972, 5.731928 
39.018448, 18.821478 
36.702091, 6.077929 
19.379738, 19.072813 
-40.171734, 6.304254 
-29.526114, 6.308164 
39.173756, 17.628237 
22.584881, 17.770407 
42.327061, 17.721457 
39.244358, 9.130706 
38.113892, 18.935768 
-30.000277, 17.787397 
-39.080437, 6.455199 
-30.135151, 17.611227 
4.946863, 18.745073 
34.233677, 5.662117 
30.259922, 5.966698 
35.669392, 6.492252 
43.523773, 9.198585 
23.391830, 17.732962 
-0.228730, 6.005412 
37.076263, 17.840263 
4.995713, 9.116331 
36.344666, 5.703898 
37.599590, 18.635122 
24.215233, 5.831163 
43.714687, 6.406468 
23.685827, 17.779638 
36.466763, 5.661618 
-38.563137, 6.066866 
8.685757, 17.530378 
38.742489, 18.990509 
-40.385666, 5.970578 
-40.192413, 6.378472 
20.180954, 17.713114 
-18.947847, 9.139311 
39.722572, 19.059240 
5.016908, 17.733454 
-36.652317, 6.314950 
-32.373844, 9.182554 
22.690947, 6.435928 
4.842233, 5.742833 
-0.276995, 17.849741 
38.987495, 5.824560 
-30.478292, 17.759039 
-26.444422, 5.830850 
39.432228, 5.876988 
39.205475, 6.236078 
-29.673973, 18.753864 
-36.643955, 6.142641 
43.567539, 19.069769 
38.385170, 19.044771 
4.871346, 6.100156 
23.630753, 17.401470 
38.662701, 18.949516 
37.240906, 18.699478 
8.601239, 5.967062 
38.987522, 18.633940 
38.907097, 17.410070 
35.867157, 5.839646 
39.204659, 18.794424 
30.297657, 18.869402 
38.988480, 19.009529 
-41.002609, 18.673143 
36.918434, 9.199755 
31.734873, 6.245272 
42.239525, 17.490210 
20.019447, 17.585236 
-0.290911, 6.005703 
-38.914913, 9.208696 
32.690895, 5.991565 
-38.997097, 6.075815 
39.400425, 5.705095 
-39.065411, 6.033748 
-40.896675, 17.553461 
17.335978, 5.891758 
-29.811441, 9.186178 
38.059597, 5.651768 
-19.023542, 9.219908 
37.091946, 17.744534 
38.070221, 18.877266 
39.680248, 18.923210 
-29.916466, 6.544485 
-32.455269, 18.621046 
25.030258, 18.964714 
43.898235, 17.835470 
31.806011, 6.536891 
36.048378, 15.857069 
38.124626, 6.461131 
42.430534, 15.862046 
38.709057, 6.111017 
38.333794, 18.961258 
-32.414585, 19.064789 
23.674520, 17.547466 
36.259838, 6.400741 
25.870270, 6.441872 
20.072554, 5.843791 
8.863938, 17.762560 
7.408589, 17.803839 
-39.010159, 6.458723 
24.078821, 9.097332 
13.040876, 6.071477 
-38.866928, 18.772610 
36.962181, 6.231185 
19.181292, 17.854258 
-18.953354, 18.618134 
8.390861, 31.823435 
8.551058, 29.033932 
19.122778, 29.408482 
24.038980, 24.072279 
20.196190, 23.402962 
23.389637, 23.645716 
23.472088, 23.849405 
12.979162, 24.671684 
20.069441, 25.252903 
17.356400, 25.140274 
16.469191, 33.232445 
20.052948, 30.545563 
8.701646, 33.265800 
8.358656, 32.570774 
19.279814, 26.491425 
23.582754, 28.794233 
24.045525, 28.091064 
20.011183, 24.950890 
23.702461, 32.190201 
8.716588, 33.219269 
24.033352, 30.326977 
25.965597, 31.660814 
23.728653, 33.683105 
24.349392, 27.589052 
8.190886, 28.941828 
22.935038, 28.348598 
24.009550, 28.710571 
23.964548, 33.687340 
21.345644, 30.237701 
24.981258, 29.126286 
8.484062, 28.217390 
13.781968, 23.851036 
17.388948, 23.243599 
16.417051, 29.220697 
25.903538, 33.235428 
19.214540, 28.965273 
8.866890, 32.714340 
17.257174, 24.607754 
20.146908, 33.067963 
24.127798, 31.876890 
8.375673, 23.359325 
8.709730, 32.281918 
22.734129, 27.997969 
23.839325, 31.567514 
19.172060, 28.738268 
24.984905, 27.411514 
22.588364, 28.820436 
25.904196, 32.170815 
24.212179, 23.623505 
23.367592, 26.985096 
20.113628, 33.526009 
24.190180, 24.253571 
25.032261, 26.512583 
23.314425, 28.565285 
19.150290, 32.442013 
21.374155, 31.789576 
23.257208, 24.552748 
25.876925, 27.008713 
19.325815, 33.544231 
20.083469, 32.346767 
23.975475, 29.114532 
24.230247, 27.829662 
19.236216, 30.366964 
25.861795, 32.811016 
22.794008, 28.371969 
23.366467, 28.069687 
13.057981, 32.003860 
8.514515, 28.888882 
8.574984, 31.508799 
8.797629, 30.293493 
22.646358, 23.784437 
23.071630, 28.231384 
17.304398, 33.828281 
16.505823, 28.981106 
12.995029, 33.186398 
23.388081, 28.155355 
22.634901, 29.048529 
8.469486, 33.654179 
7.463393, 31.688868 
16.353369, 29.273596 
24.278135, 33.365402 
8.845860, 23.888281 
7.569867, 29.300089 
22.961870, 28.089169 
23.940294, 24.401842 
22.782415, 25.029455 
13.865989, 31.638220 
24.281811, 27.616552 
7.483691, 30.447655 
23.990406, 32.206722 
8.690055, 33.417492 
7.540025, 31.970678 
13.803196, 30.557268 
19.225559, 31.519985 
24.347857, 31.977922 
20.156933, 28.441784 
